1314722794 2859771596 110470422
925980570 2089240080 7623550
2161966099 923823182 18764610
4126382841 3495278690 168584455
1914851626 1547043780 6792197
3603209919 3780725227 292923781
2451774221 919021074 4802108
3495278690 4073649008 66625331
3896133700 3663863145 116862082
2180730709 506275893 271043512
3141265861 2645889920 57381085
3136392798 1603951687 4873063
1538199090 942587792 376652536
620357722 2970242018 228404928
422454208 1814118646 197903514
1921643823 265953617 240322276
3561904021 4140274339 41305898
2758272184 2474071507 63802901
1065005613 777319405 141701669
4012995782 4181580237 113387059
2822075085 1553835977 50115710
1425193216 2361065633 113005874
933604120 1682717153 131401493
1206707282 2537874408 108015512
2872190795 2096863630 264202003
2684379781 1608824750 73892403
0 2703271005 156500591
156500591 0 265953617
2456576329 1319240328 227803452
848762650 2012022160 77217920