3506221501 3772218811 141412231
862456464 199991593 70194315
3126163959 2720338622 159394827
2437060415 0 153033469
1749227774 1174286868 159521600
349850270 652576354 37663076
158202776 305209374 55106503
663092217 153033469 46958124
1358475419 819305682 231265535
1589740954 2171223218 159486820
1296848852 450545479 26971073
213309279 2375483203 136540991
501031877 1333808468 54731739
2272970697 690239430 129066252
427251734 1050571217 73780143
1918845890 1626226842 116689237
3494757929 2708875050 11463572
2781047724 3224629140 67922856
3442916224 4132386344 51841705
932650779 1388540207 237686635
387513346 1742916079 39738388
3866389034 3340362984 418348873
710050341 587492729 57697450
3342406366 4184228049 100509858
0 360315877 90229602
812520956 1124351360 49935508
2162994520 477516552 109976177
2035535127 1901779730 127459393
2719729782 3758711857 13506954
2733236736 3292551996 47810988
2652027470 3156926828 67702312
767747791 2330710038 44773165
2848970580 2879733449 277193379
1170337414 645190179 7386175
1177723589 1782654467 119125263
3285558786 2652027470 56847580
1323819925 2136567724 34655494
1908749374 2512024194 10096516
3647633732 3913631042 218755302
555763616 2029239123 107328601
2402036949 270185908 35023466
90229602 2522120710 67973174