2208796188 2205653945 16706445
3202718202 3702799517 119048394
1789679483 2433538636 64618493
3035078142 2303892266 86108184
2549270997 3861079544 160369770
1016521015 833146166 1531563
2446163080 1924420264 78302216
3321766596 2112712346 92941599
8948937 233013740 2442944
1900324808 3247280742 118974530
215056009 134795275 63846376
3929651545 3821847911 39231633
3841595991 3463600348 88055554
3968883178 1812769444 68270872
2709640767 1707931127 104838317
1494154584 2498157129 295524899
0 1122900024 8948937
4037154050 1450117881 257813246
2814479084 2793682028 220599058
3121186326 2222360390 81531876
3568078009 4021449314 273517982
393292224 0 134795275
1251655629 2390000450 43538186
2154776907 3193261461 54019281
1854297976 1447593855 2524026
1153492607 3551655902 98163022
2019299338 3057783892 135477569
93266807 850231816 121789202
2225502633 3649818924 52980593
377738137 834677729 15554087
361270479 972021018 16467658
1018052578 988488676 113796383
72651842 1102285059 20614965
3458088143 2002722480 109989866
326898390 198641651 34372089
1295193815 1248633086 198960769
2278483226 3366255272 97345076
2375828302 1153492607 70334778
1856822002 3014281086 43502806
278902385 235456684 47996005
2524465296 1223827385 24805701
11391881 283452689 61259961
528087499 344712650 488433516
3414708195 1881040316 43379948