4064811 506246814 25615317
1520011681 1661018909 106057083
1007960598 8836276 47579700
1055540298 679332386 82196064
2377475243 3574057730 33434621
2323567163 2090355001 53908080
2724594670 4209189177 35645909
3247614896 4244835086 50132210
2793935335 3209861711 43002393
2560156404 2081665194 8689807
3490249256 2918928471 290933240
1399066513 1515349965 120856915
3383052312 1779636204 107196944
1634905040 1464437422 50912543
0 849557294 4064811
2155322314 2548120606 2883579
3362202103 2803876083 20850209
465575436 853622105 310104399
3781182496 3252864104 5074346
3297747106 3844665588 64454997
1779636204 2144263081 375686110
2765805312 2519990583 28130023
1325393680 605659553 73672833
1211533784 841842038 7715256
164952771 1163726504 300622665
2197289480 3607492351 121111676
54492157 395786200 110460614
3835840979 3257938450 316119280
1685817583 162560616 944821
1626068764 0 8836276
2760240579 3728604027 5564733
1219249040 56415976 106144640
2836937728 3734168760 105330821
2994742998 2551004185 252871898
4246162438 3909120585 48804858
775679835 163505437 232280763
2410909864 3957925443 149246540
3786256842 4107171983 49584137
2158205893 1886833148 39083587
29680128 1636206880 24812029
2994701606 2519949191 41392
1137736362 531862131 73797422
1686762404 761528450 80313588
2942268549 4156756120 52433057
1519923428 1464349169 88253
4151960259 2824726292 94202179
2568846211 1925916735 155748459
2318401156 3839499581 5166007