664927065 1834026871 25712908
1735589252 664927065 98272608
2065221534 1506193032 310617880
2375839414 4115277554 6678312
3253816560 1859739779 203737617
1850812956 4108908733 6368821
2919962848 2399006039 522616
468677210 108672893 44408648
1401161152 2664100077 99602261
1500763413 2164180200 234825839
3984134761 1144008481 310832535
3804009398 3016674464 2139313
963394967 763199673 148819056
2382517726 2954526136 62148328
2596720874 2399528655 264571422
1112214023 3018813777 288947129
1874397736 2763702338 190823798
2920485464 4108473866 434867
2496018070 2063477396 100702804
3824353112 3447611199 78601908
690639973 3526213107 99743564
3806148711 928969825 18204401
2861292296 3388940647 58670552
0 356321399 298014179
3902955020 3307760906 81179741
360004317 0 108672893
790383537 4121955866 173011430
3457554177 3762018645 346455221
1833861860 912018729 16951096
3056982305 947174226 131597944
2444666054 1454841016 51352016
3188580249 1078772170 65236311
513085858 153081541 141249720
1857181777 1816810912 17215959
298014179 294331261 61990138
2920920331 3625956671 136061974