3911747472 2911922447 51421887
2536764367 3668005785 140896771
1212477776 97723896 242971514
3654733164 2831217728 80704719
2181820500 1577059176 179170851
1585336302 2992871942 130403154
3625205556 2963344334 29527608
637624684 802080725 399476166
3348594580 2554606752 276610976
2677661138 1756230027 290805772
1715739456 3808902556 44864370
1760603826 3853766926 127009556
263054927 0 97723896
3735437883 3980776482 176309589
2052216401 4165363197 129604099
3963169359 2047035799 96879299
1037100850 340695410 175376926
2968466910 3287878115 380127670
4292066496 2319688114 2900800
360778823 516072336 276845861
1577059176 4157086071 8277126
0 1201556891 263054927
2360991351 2143915098 175773016
1455449290 792918197 9162528
1887613382 3123275096 164603019
4060048658 2322588914 232017838